-90003.1      -365.3      -23733.3      -6420655.1      825664.9
-21901.9      -119304.7      -56340.1      -4993896.0      4406929.2
-94471.3      -2461.3      -77473.2      -6415722.3      698103.2
12746.6      -99080.7      13677.2      -5034753.0      4457587.4
-111620.4      -11234.0      -164859.3      -6193338.2      784800.2
18549.7      -68635.7      92294.5      -5299075.3      4220022.7
-94520.1      -42172.2      -213839.1      -5837299.0      1417713.8
6443.7      -45568.6      89374.8      -5609618.9      3429486.1
-79660.7      -63063.4      -236151.8      -5515169.5      2219781.3
-8094.4      -20428.8      74858.3      -5974129.1      2628105.8
-64370.2      -91836.6      -256176.6      -5287249.4      2935074.8
-31455.9      -6780.8      23727.5      -6184795.9      1958108.8
-81469.8      -112511.4      -222679.7      -5125528.2      3379808.9
-71822.1      -9156.6      -28057.5      -6307385.2      1464230.7
-55263.8      -124794.0      -202641.1      -4968555.4      3990008.1
-92752.2      -3244.0      -74081.4      -6403753.4      981388.2
-28489.5      -120451.9      -133058.8      -4950255.2      4353759.2
-96381.0      8997.3      -96127.4      -6382957.7      827011.8
-10511.8      -107645.1      -44292.7      -4995673.8      4303386.8
-97897.1      -7158.3      -128600.0      -6253466.5      933042.5
-1786.0      -93698.8      35228.0      -5209798.0      4257038.7
-100813.9      -25657.6      -171277.4      -6032426.0      1037468.0
11842.1      -56382.3      83516.6      -5479916.4      3932954.6
-104323.3      -67864.5      -234341.6      -5690842.9      1575995.1
13321.8      -45783.8      133165.8      -5760121.7      3317586.3
-100400.3      -110173.2      -268898.4      -5422136.9      2262713.1
-52792.3      -50966.1      58634.3      -6050772.2      2117838.7
-61966.6      -113308.3      -152108.4      -5210050.5      3330123.6
-38506.0      -961.3      68987.4      -6267783.1      1623750.1
-52601.4      -97539.8      -143470.7      -5025517.7      3791420.2
-80014.0      42.5      15646.1      -6331409.0      1118385.8
-47317.3      -123896.9      -115956.4      -4979406.8      4207684.0
-73832.9      15490.7      -53108.5      -6380220.4      837437.1
-48256.9      -140474.8      -66024.8      -4881127.8      4318516.2
-135272.0      -25286.8      -119021.9      -6382414.8      666570.8
24703.3      -81735.8      -7712.9      -5113839.7      4417150.5
-90388.0      12380.2      -178645.8      -6201108.5      931338.0
15633.7      -56860.3      51729.0      -5376762.1      3881275.7
-92657.2      -52455.4      -231757.6      -5885139.2      1423144.1
17870.6      -36293.4      78421.3      -5671622.5      3400077.4
-65344.8      -35596.1      -216987.9      -5555351.0      1981031.4
-14050.0      -30347.8      49183.5      -5866420.9      2664827.2
-90510.4      -97186.7      -196036.9      -5291132.2      2634118.9
-45752.1      -25617.0      69232.1      -6165466.8      1956445.7
-89300.1      -126002.2      -197333.0      -5100765.6      3366029.7
-67367.4      5846.1      48641.0      -6335969.2      1281862.9
-41214.0      -114831.5      -124253.6      -5031359.0      3826088.0
-81606.6      14153.6      5002.9      -6396113.4      886579.8
-31742.8      -111569.1      -94722.8      -4953946.9      4255436.4
-96946.3      2834.8      -51304.0      -6421824.9      611254.0
-19761.5      -124071.2      -36200.9      -4979537.8      4325963.7
-103704.3      -15082.6      -103923.1      -6308495.7      741181.0
15777.7      -76902.5      48944.2      -5217070.7      3990238.5
-117838.6      -31730.7      -203942.4      -6015218.6      1006656.5
807.9      -59937.5      96686.2      -5544114.3      3735342.0
-88419.9      -34565.6      -204433.0      -5792643.9      1436676.5
-8954.5      -37947.9      98339.8      -5752565.9      3181016.3
-92308.8      -84098.7      -222019.5      -5463419.1      2086927.1
-4464.4      -8892.8      128069.4      -6100551.1      2361802.0
-73023.9      -107120.5      -211179.5      -5200603.5      2996186.0
-52931.0      -803.9      70319.1      -6327959.1      1154747.3
-54338.3      -121956.9      -167513.6      -5057837.1      3940797.5
-55385.2      3993.0      -17805.9      -6445438.9      937116.2
-28706.9      -109310.5      -95216.2      -5018327.4      3985437.0
-109710.7      -7585.0      -71841.0      -6367760.5      756724.8
-22321.0      -115237.8      -63679.6      -5003547.2      4231183.0
-101230.1      -8221.5      -132972.8      -6388552.4      753288.1
4049.7      -117556.3      -13194.1      -5055891.2      4271516.1
-119684.0      -19628.3      -136903.7      -6197296.4      692062.0
1974.6      -85432.5      26080.8      -5338761.3      4057231.1
-95963.8      -30136.6      -174155.2      -5916061.5      1189606.4
-20401.8      -50526.3      64917.4      -5634941.0      3355544.2
-108904.8      -83484.2      -274268.0      -5540592.9      2050682.7
-20947.4      -16341.3      136714.9      -5955473.1      2591673.9
-62973.1      -96117.3      -247705.8      -5276223.5      2990346.7
-9768.2      3999.9      85256.6      -6161135.9      1884792.8
-63071.5      -100745.3      -192142.6      -5119416.6      3377370.0
-57072.9      6933.5      35343.6      -6342092.9      1289992.7
-58968.8      -116299.3      -156711.9      -4966482.0      3853804.2
-71752.6      502.8      -41815.3      -6416811.3      919176.8
-16119.0      -112957.4      -77098.6      -4978081.3      4193529.4
-92622.0      -1024.1      -118744.5      -6386356.6      705561.7
13558.9      -100439.6      -5790.7      -5037402.3      4301413.9
-110607.6      -12769.5      -198112.2      -6250389.4      837651.4
-3487.9      -103927.6      -8822.2      -5213997.6      4107300.5
-111318.3      -39043.5      -202767.2      -6059073.0      1075282.2
-5621.0      -65998.1      17223.7      -5424782.2      3757178.1
-122060.9      -57792.9      -220075.1      -5788512.2      1412026.1
-22289.4      -34445.4      74062.5      -5777742.0      3238724.4
-85005.0      -71619.3      -248203.7      -5404854.6      2291436.3
-15781.9      -24217.9      44900.1      -6071314.9      2495871.1
-69602.1      -99039.1      -247030.8      -5182646.6      3075899.4
-52575.1      7588.6      34073.8      -6279310.2      1320162.7
-56529.0      -116480.2      -193280.2      -4929326.1      4028478.2
-74415.0      -11096.6      -25227.2      -6424391.4      1011948.7
-22651.9      -140912.4      -154269.1      -4914226.9      4381180.8
-57627.4      15207.4      -99714.7      -6442739.0      853266.6
10379.9      -108076.8      -119590.7      -4991864.6      4438540.6
-94853.6      -5631.2      -171896.9      -6234747.6      940029.3
1629.6      -100129.2      -69541.1      -5146051.0      4268244.5
-90210.7      -24132.9      -213097.8      -6092011.9      1104769.9
561.8      -74909.7      5173.4      -5409501.9      3955969.2
-122865.2      -56321.2      -330273.8      -5816071.6      1515234.2
-8685.4      -46738.7      -18202.7      -5585108.9      3450875.8
-93946.4      -59486.6      -310135.4      -5637114.2      1932388.6
-9839.6      -28570.4      -46004.3      -5861986.0      2822636.4
-86882.8      -85920.9      -324980.9      -5358033.7      2672140.3
-44380.1      -21467.4      -42555.6      -6102811.3      2219356.3
-73876.5      -114863.4      -315263.0      -5115399.6      3562386.4
-50513.4      11738.9      -43829.6      -6371265.9      1377835.5
-31009.8      -115230.6      -241269.4      -4958197.3      4161352.6
-79505.3      10646.3      -122262.9      -6409516.5      868638.3
-22489.1      -125871.2      -208432.5      -4881085.8      4404410.3
-86018.0      -1563.5      -166514.3      -6390925.8      687491.1
-2713.5      -113787.8      -113235.0      -5001260.8      4399060.5
-103154.4      -20726.7      -249759.2      -6241328.1      903089.3
11932.7      -80904.7      -34115.7      -5242081.0      4122709.2
-110345.5      -37265.3      -285052.1      -6039005.8      1296611.9
-2824.3      -70295.8      -6223.7      -5484951.2      3625889.8
-92015.2      -56569.3      -295674.9      -5694844.6      1678168.0
244.4      -37873.5      26234.0      -5779615.4      3252371.1
-97510.5      -76819.2      -290282.4      -5414670.0      2119179.5
-27932.9      -19867.8      3511.6      -5993302.6      2505122.4
-79334.4      -99152.8      -274288.0      -5229666.0      2896381.3
-51927.9      -14700.8      -40526.5      -6221878.4      1441591.9
-47475.9      -113290.9      -253918.1      -5042156.8      3821603.8
-62243.5      8747.8      -73023.6      -6431484.9      1037522.1
-24115.2      -122528.0      -177053.0      -4919281.1      4295796.1
-82374.7      22285.8      -95655.7      -6424426.1      692422.9
-11773.9      -112352.0      -127289.4      -4966202.4      4467182.7
-115492.3      -4379.6      -156111.8      -6341302.1      625414.8
-17739.4      -110717.3      -49313.4      -5130779.6      4281814.1
-97765.7      -27148.6      -195449.4      -6208118.6      866789.7
-1967.0      -86611.1      9067.4      -5300959.5      4005158.9
-93566.3      -31619.7      -231434.3      -5966344.3      1349860.3
14311.7      -44542.0      99295.2      -5604560.5      3351563.2
-113528.0      -78236.0      -257818.7      -5569744.9      1977365.4
-9993.9      -18644.9      129251.9      -5959466.1      2593325.4
-101469.9      -118574.1      -281263.0      -5219548.8      2859961.6
-26707.8      10204.6      100873.6      -6300978.7      1733682.2
-97818.3      -126636.2      -162722.2      -5010744.0      3315526.9
-105543.6      -15888.5      -218.2      -6376724.3      1257317.6
3802.0      -93332.8      -116018.8      -5035687.4      4177550.6
-87682.2      -2652.6      -100009.2      -6362582.3      898641.0
-803.7      -98879.5      -58103.2      -4990841.0      4252785.9
-79960.7      -3199.5      -140135.4      -6333040.5      821708.1
-29339.8      -103693.6      -46641.2      -5041024.3      4198857.5
-87284.2      -6613.0      -145356.1      -6237770.9      958207.0
4624.4      -92455.8      -54243.0      -5226784.5      4041488.9
-97963.7      -30531.6      -189831.0      -6003853.9      1223339.1
-3673.9      -77795.0      17842.4      -5462649.9      3691668.5
-109478.4      -61052.0      -248792.2      -5706111.3      1480528.3
-17184.3      -58650.2      63386.9      -5740884.6      3348190.7
-88434.9      -78701.0      -255620.6      -5470780.4      2285348.1
-920.7      -12496.0      86792.3      -5977011.7      2530649.0
-78496.8      -115292.2      -233766.0      -5191608.1      2981520.8
-43195.6      -10494.2      64844.7      -6299412.2      1673545.2
-64758.5      -130153.1      -170182.4      -4962427.6      3882360.1
-83067.6      16749.0      41916.4      -6460231.0      647505.5
-33504.1      -121379.8      -59106.6      -4888703.8      4517525.0
-93710.0      5847.4      -30613.2      -6411067.0      757603.4
15086.7      -83313.2      77280.1      -5028394.1      4366115.8
-92765.0      -8315.5      -35192.4      -6238384.3      863351.9
-13017.9      -95852.9      98291.1      -5123461.7      4101129.5
-101740.8      -25712.7      -75514.5      -6057827.5      1101882.8
4310.7      -84732.2      88429.3      -5335085.1      3946015.1
-116358.1      -33472.2      -108242.0      -5929483.8      1262364.4
5669.0      -55177.4      157268.8      -5579249.5      3537790.4
-90156.9      -49751.4      -142066.7      -5651502.7      1921446.5
-23085.2      -27130.7      175823.1      -5910260.3      2673925.7
-79668.3      -113490.1      -142497.7      -5327501.1      2842020.4
-30772.4      -6465.7      178749.2      -6213146.0      1890012.0
-51401.9      -112907.7      -104144.1      -5060854.3      3557169.5
-47255.2      1476.3      108921.5      -6372257.2      1295309.7
-43640.8      -126676.4      -29645.0      -4962967.0      3946904.6
-81829.1      5891.1      90320.2      -6435063.6      875371.3
-14668.7      -101726.3      13991.6      -4921123.5      4386183.5
-94526.4      4914.0      20.2      -6454708.1      749996.0
-2892.3      -96879.8      61950.0      -5030599.1      4360770.3
-104924.9      -4750.5      -91313.0      -6236548.3      866105.2
-2389.7      -88068.1      88466.0      -5285270.7      4094544.3
-112605.3      -40920.3      -140903.0      -5941789.9      1264171.9
-2446.2      -78263.4      103909.2      -5584417.6      3627920.6
-96589.5      -50375.6      -169299.5      -5802910.0      1796412.2
-9482.1      -42199.7      118552.2      -5736255.4      3113993.0
-92525.7      -83077.0      -183377.5      -5506265.7      2103190.6
-18616.5      -17202.3      133980.8      -6033846.0      2643389.6
-71763.6      -103608.9      -174010.3      -5192447.3      2965697.6
-51462.9      26731.9      91220.8      -6344229.9      1675502.8
-48997.6      -108288.1      -137545.1      -4960254.9      3882607.0
-67133.7      -2992.5      49956.5      -6465172.5      705197.9
-32262.7      -138617.2      -74678.7      -4952618.6      4491600.2
-84067.2      -12520.6      -12395.9      -6471697.8      681039.6
-4548.0      -106946.9      13355.8      -5025160.6      4452524.5
-116820.5      -2782.8      -93855.2      -6273636.1      777119.1
-6608.1      -96809.6      41530.0      -5107753.9      4216305.0
-101133.2      -34154.9      -163921.3      -6081843.5      1144643.4
-5529.1      -79965.7      74672.2      -5387612.3      3799205.9
-99239.9      -39996.0      -191867.4      -5836795.1      1486287.9
-9784.7      -53868.4      85450.4      -5679250.8      3286691.5
-104962.8      -79973.0      -199458.3      -5594943.3      2031376.2
-4801.2      -22744.0      127018.9      -5916590.2      2755183.8
-75156.5      -76311.4      -144129.8      -5360342.4      2614132.2
-32268.6      -11091.1      109433.6      -6164009.8      2055957.5
-64515.9      -109182.2      -126685.2      -5111792.1      3396327.5
-49698.9      3676.4      96827.9      -6365758.5      1378548.3
-38493.3      -115811.9      -93577.2      -4977704.8      4012879.8
-109612.3      10808.1      29235.9      -6418804.6      681091.1
-34949.5      -120575.3      -4419.3      -4938618.8      4397881.0
-100923.3      -11640.9      -24622.1      -6378015.1      713948.4
-7617.2      -114237.1      72156.1      -5052247.5      4326596.4
-104063.4      -23703.4      54088.9      -6225295.5      860820.8
-9402.3      -90093.8      397237.5      -5277230.4      3982636.3
-96937.7      -26600.4      314208.8      -6028755.2      1233034.4
1917.3      -62971.9      627555.5      -5492319.2      3579530.8
-99971.0      -39706.0      474816.6      -5789255.1      1640166.9
-8584.9      -41210.8      818259.0      -5737285.3      2973207.2
-97992.0      -85917.7      528150.4      -5459043.1      2027369.1
-4231.7      -12872.7      886794.2      -6059098.6      2571507.7
-62039.5      -103993.7      579200.2      -5164480.2      2924308.0
-33265.3      1929.0      909028.8      -6324129.4      1633838.8
-41767.8      -130336.5      642417.6      -4984733.8      3796249.5
-67589.1      767.1      774755.5      -6428129.4      975855.6
-28071.3      -107178.8      730326.0      -4959077.0      4195755.0
-102258.5      -3659.1      685396.3      -6372702.3      383384.4
-9804.0      -107757.9      624284.1      -5011682.5      4437411.3
-109268.9      4210.6      405320.9      -6354853.8      539236.2
-6207.9      -110255.5      348091.1      -5093341.4      4369603.1
-94419.5      -15744.9      87751.3      -6130835.7      932323.3
5318.4      -74370.4      173935.7      -5329259.7      3827708.7
-100893.3      -54645.2      -154506.0      -5837339.6      1429567.1
2717.2      -52097.1      71194.9      -5737326.3      3102597.9
-86816.9      -60690.9      -275063.1      -5653891.5      2029093.4
-14485.6      -18464.6      9082.7      -5940841.0      2655469.0
-86764.0      -91036.0      -337565.8      -5360793.8      2641866.8
-34767.8      3270.9      -54195.0      -6194348.7      1964530.2
-70111.3      -121055.1      -342977.1      -5100132.8      3462411.6
-65709.4      -12746.7      -134614.5      -6352202.5      1273565.6
-39306.3      -128235.3      -296652.7      -4957557.3      4031762.4
-71372.1      -6044.1      -173946.0      -6477895.8      806474.7
-16110.2      -102628.7      -229719.0      -4957778.4      4311076.4
-97253.2      8486.1      -242799.1      -6419515.4      662775.5
-3985.5      -112087.2      -158417.4      -5066149.1      4344827.8
-117140.3      -19286.4      -309882.8      -6190543.0      797115.9
-3411.7      -86040.4      -122200.7      -5262249.7      4081125.5
-113179.0      -18865.2      -334331.8      -6024990.5      1129762.9
-9681.0      -64500.0      -111833.4      -5421965.1      3641646.0
-97079.1      -54758.7      -361389.4      -5797278.0      1717868.0
-16607.1      -52774.7      -102691.6      -5757795.1      3051820.0
-89095.5      -91686.6      -423975.7      -5454195.9      2379289.3
-22843.0      -11046.7      -68598.6      -6121872.3      2269325.7
-82502.9      -113888.9      -397810.7      -5071655.3      2935107.4
-42293.1      8620.4      -79536.2      -6338962.7      1723125.3
-53854.4      -119092.1      -323987.4      -4955860.4      3742187.3
-60527.1      9142.7      -118903.0      -6419192.3      1038017.3
-24812.5      -117404.4      -223079.7      -4971505.2      4543720.4
-84580.3      1825.1      -215732.9      -6374999.6      597744.8
11753.0      -102375.4      -173613.2      -5024958.2      4531505.4
-102457.3      -19051.3      -280838.7      -6308649.0      659195.0
10976.7      -90550.6      -91362.5      -5133866.1      4226579.3
-98382.0      -19226.3      -312112.9      -6170786.0      1050898.2
-2437.8      -74637.4      -83144.0      -5351867.1      3766085.3
-104181.9      -41709.1      -308571.6      -5828493.9      1488046.9
5160.5      -69075.1      -59268.6      -5684688.7      3318293.3
-75036.5      -72443.8      -338664.3      -5621820.6      2066984.7
-20510.8      -24711.5      -35192.6      -5955655.2      2665885.8
-94265.5      -92744.4      -339308.6      -5291337.1      2740739.1
-34367.4      -1397.9      -24806.3      -6191649.3      1988903.2
-54564.2      -117573.0      -300773.8      -5072501.1      3489095.2
-53556.3      -1747.6      -95665.5      -6386986.1      1241017.9
-40591.7      -112922.3      -244132.9      -4975302.5      3976000.4
-69393.8      10435.6      -170219.3      -6404770.9      928694.9
-16255.5      -106907.2      -215500.2      -4978263.7      4313417.9
-102870.3      6855.1      -204633.1      -6387098.7      609650.5
-7520.0      -117270.3      -152464.3      -5025521.7      4438100.5
-111661.3      -18439.0      -257760.5      -6238844.9      680309.9
4980.5      -98760.7      -87503.4      -5160026.2      4281754.8
-104522.5      -36474.4      -316636.0      -6056946.3      1121514.8
8733.7      -53803.7      24141.9      -5543938.8      3473302.5
-99835.2      -79139.0      -316083.4      -5657147.7      1979385.5
-13916.3      -45006.2      -4076.4      -5883430.6      2736307.6
-92850.1      -92222.4      -284948.7      -5341477.3      2600517.5
-35949.8      -17479.8      7435.2      -6100728.7      2156293.5
-69498.4      -97517.7      -250564.9      -5219899.6      2808857.4
-45462.1      -9885.3      3535.6      -6249705.7      1904320.9
-49225.6      -114738.9      -209150.2      -5008483.5      3563454.2
-57611.4      7831.0      -35187.1      -6399040.0      1213860.5
-25325.1      -113516.5      -112283.5      -4990255.3      4201260.3
-108706.0      -8995.1      -115072.2      -6425752.0      612813.1
-12063.3      -114748.8      -35082.9      -5046900.6      4704530.9
-101128.6      -13965.3      -129138.3      -6258292.5      692063.8
-20290.5      -101834.4      -2395.0      -5123798.8      4211752.1
-121251.7      -22541.9      -131628.0      -6113059.5      993897.7
-3926.6      -82884.5      56559.2      -5337781.9      3952732.8
-101905.6      -48172.6      -169074.8      -5857901.3      1497762.9
10175.0      -59061.7      79893.9      -5584815.6      3475790.7
-82827.9      -70066.9      -207936.5      -5613720.9      2070477.6
-16562.6      -27253.7      95618.1      -5884931.0      2722307.9
-78911.1      -84993.3      -218470.6      -5244013.3      2879171.3
-26989.2      -12683.1      56922.4      -6175173.5      1968927.5
-48562.8      -112694.4      -192749.8      -5053703.8      3573300.0
-59855.9      3577.8      44392.7      -6360450.7      1279514.2
-52540.7      -126911.0      -140272.9      -4860075.0      4045588.7
-106261.6      -4987.0      -19576.3      -6406052.9      880657.9
-32402.8      -137869.4      -94856.9      -4899861.6      4401997.9
-82617.1      9412.4      -105462.7      -6373648.5      781795.2
908.7      -106143.1      -40629.9      -5038631.0      4439716.0
-106567.6      -24558.4      -174771.7      -6164838.1      849132.9
6265.7      -80600.8      50151.4      -5280250.3      4167418.8
-100699.0      -45522.6      -180372.5      -5961197.5      1298507.1
4242.1      -62758.7      229563.4      -5523820.6      3641089.7
-106749.9      -60716.6      66576.6      -5670004.1      1853536.3
-11933.2      -47212.3      465969.6      -5775589.7      3044499.1
-85218.4      -77924.6      278884.5      -5384500.2      2553040.4
-38502.9      -26256.8      588802.7      -6054920.6      2397121.3
-62580.6      -100927.3      412671.8      -5199590.1      3168048.6
-36390.5      -6172.2      658010.7      -6227741.9      1785710.4
-50994.7      -113113.4      484903.4      -5066049.9      3396784.8
-66712.4      14710.6      676732.5      -6333883.1      1298193.1
-35572.2      -122321.2      541093.9      -4968826.3      4202352.5
-83881.5      15739.9      655379.2      -6420351.8      654273.4
-8400.7      -109305.2      610583.0      -4918408.6      4823936.3
-99865.5      -8268.9      579811.4      -6358139.4      428726.6
5625.7      -116623.3      701196.5      -5088946.8      4517929.3
-104331.5      -28318.4      485472.7      -6153098.1      888129.6
8759.9      -60302.8      730714.8      -5347357.4      3888990.6
-101001.1      -44520.0      415864.2      -5853539.9      1535943.9
-10121.4      -53086.1      708983.1      -5643867.4      3218641.4
-97345.8      -81554.7      370382.9      -5537000.3      2134280.3
-879.6      -30536.7      650703.4      -5945599.5      2619185.2
-77753.4      -90476.2      365056.9      -5289635.5      2810300.7
-29823.0      -6257.6      601246.9      -6197420.6      1955649.8
-60490.1      -100512.5      323915.4      -5052780.7      3523890.6
-67840.3      -4683.1      529393.7      -6365821.1      1205167.5
-15653.0      -132948.8      331557.5      -4934197.4      4183028.2
-65752.6      19613.6      438504.2      -6455852.9      665526.9
-32032.1      -126058.7      366991.8      -4920716.8      4335817.0
-102307.0      -394.1      326998.6      -6400832.6      690987.0
4020.4      -98634.5      403644.0      -5057652.4      4335779.0
-106344.9      -33226.4      244843.5      -6201769.2      819026.7
420.6      -89770.7      405478.9      -5281495.1      4018875.1
-109596.5      -34400.8      142504.5      -5987489.9      1309451.1
867.3      -53245.2      371170.2      -5568031.4      3567429.4
-94102.2      -37618.1      87016.7      -5688244.0      1796577.0
-7486.7      -32718.3      376968.3      -5789476.4      2943736.2
-81139.0      -96201.8      34034.1      -5475502.7      2553020.1
-22796.2      -32477.9      290340.9      -6066624.4      2226576.5
-58229.0      -98959.5      32350.9      -5200410.5      3094443.5
-39269.4      7158.6      279767.4      -6309408.9      1610425.0
-46745.4      -124351.0      21907.2      -4938951.9      3550680.8
-58080.3      14689.5      214244.9      -6436816.1      1243335.8
-21548.5      -107488.0      80073.7      -4935427.7      4161882.0
-79107.2      -2334.4      125106.2      -6439479.2      751037.0
-2623.6      -110756.3      144105.1      -5029332.5      4347494.9
-91558.1      -6288.4      56554.5      -6296627.6      510809.2
11935.6      -96309.7      210041.8      -5174899.1      4512318.2
-107534.9      -25501.7      -2474.2      -6134244.1      811509.3
7997.8      -81914.1      200128.6      -5394266.7      3908766.5
-97450.3      -40640.8      -51443.8      -5880865.8      1398303.8
-5114.4      -57082.9      221790.3      -5671229.9      3222058.5
-97707.8      -84591.0      -105848.8      -5556472.1      2180464.2
-9247.6      -18486.5      232040.7      -6003189.3      2514345.8
-64884.4      -88130.6      -94908.5      -5282075.2      2840326.3
-32812.0      -3074.6      184511.5      -6187998.6      1810039.1
-57060.2      -123933.5      -73137.3      -5021945.0      3447469.1
-59087.6      -15547.4      130419.6      -6312859.8      1327365.8
-30668.1      -99236.8      5292.7      -5020303.1      3919920.8
-68946.8      12020.9      66415.0      -6434330.7      841545.9
-22708.5      -128323.4      23526.2      -4971760.6      4322622.3
-88730.5      6705.4      27873.9      -6430766.8      651589.2
2343.8      -93680.7      122973.3      -5066434.4      4371153.3
-115714.4      -17539.0      -45093.0      -6241199.9      754041.2
2172.6      -105967.4      130181.6      -5292845.0      4120871.9
-117705.4      -43468.5      -84611.4      -5980943.0      1038218.1
-29793.4      -70143.3      128013.8      -5560015.5      3650348.9
-109760.3      -62320.2      -111278.4      -5712717.4      1838029.0
-2154.9      -44226.0      162171.6      -5835109.3      3054012.4
-73498.0      -84447.3      -137399.4      -5475466.7      2558997.8
-26736.3      -8814.3      191511.6      -6037324.5      2111104.7
-80615.6      -111935.8      -120839.9      -5177657.9      3242809.6
-36811.6      -6746.9      151532.8      -6265192.6      1591060.2
-23027.8      -105839.9      -89973.9      -5044523.2      3862473.8
-53920.4      24570.2      92364.5      -6465609.5      1193360.7
-37678.1      -122215.3      -15314.2      -4902480.4      3991603.7
-89333.2      6108.7      19313.5      -6451648.1      879538.9
-5884.7      -102164.2      60725.5      -5021040.7      4416288.5
-105081.4      -18694.9      -56789.1      -6305530.3      675515.4
-11244.6      -117246.2      84034.7      -5085671.0      4443225.9
-105306.0      -32442.0      -80169.9      -6104295.0      759434.3
15613.2      -63900.2      129790.1      -5389915.5      4255681.3
-120570.3      -50477.8      -128274.7      -5833794.4      1481566.7
-1669.5      -65130.4      142110.8      -5660571.4      3274173.1
-78014.2      -60151.3      -154579.5      -5539285.9      2279495.2
-3907.3      -12506.2      155460.8      -5941604.4      2459441.1
-63176.9      -85381.5      -166699.6      -5292324.3      2975824.7
-26646.1      -1801.7      110198.5      -6234920.8      1913225.4
-41016.0      -108780.7      -116832.3      -5125397.9      3492938.1
-47660.6      4333.1      71216.1      -6366154.3      1403559.7
-16293.1      -113029.4      -100488.1      -4931127.9      4105192.3
-44242.7      31836.1      44375.9      -6482364.8      938740.1
-8513.0      -124916.9      -34499.9      -4887324.6      4391842.0
-107575.9      -15177.5      -13658.4      -6355054.8      565820.1
-12599.4      -109057.8      35197.2      -5114862.3      4465860.7
-109071.4      -20975.1      -118752.6      -6185191.6      813592.1
-22905.7      -100805.3      53381.6      -5255356.3      4188252.0
-116037.6      -35171.4      -172157.6      -6010637.1      1196826.6
-13965.6      -61082.2      124397.8      -5480930.5      3570983.4
-142334.9      -91681.6      -267284.6      -5649193.5      1931470.9
2214.1      -34482.7      111455.4      -5815347.4      2942355.2
-86832.2      -87167.5      -213724.0      -5395106.0      2582908.0
-31979.2      -19998.1      51297.7      -6083407.0      2227486.8
-46484.1      -93363.8      -171561.2      -5191733.6      3222125.9
-41342.9      -10787.1      27954.6      -6223208.6      1639644.0
-30857.0      -113860.2      -136124.3      -4984657.3      3723851.0
-48324.2      18324.1      -1705.2      -6462660.3      993591.0
-10206.4      -94578.1      -107050.6      -4856030.3      4240014.8
-84706.1      14410.1      -50864.5      -6484559.4      857744.7
-17441.3      -121581.3      -64275.5      -4965506.1      4191652.0
-106242.3      -13190.3      -103735.1      -6282209.6      699378.2
-7269.1      -111693.3      -13093.1      -5206737.6      4372859.5
-114351.2      -30259.1      -183743.7      -6049331.8      787451.9
-4641.8      -86494.0      52961.0      -5417330.7      4201667.1
-109913.0      -56178.2      -237557.9      -5786887.4      1517268.4
2052.5      -32214.3      89947.6      -5687998.7      3251702.1
-91793.9      -62659.8      -209815.9      -5510681.5      2189665.6
-15098.5      -24530.4      85711.4      -5897808.2      2509744.3
-71601.3      -91776.3      -232984.5      -5296461.7      2909145.4
-32293.7      -4332.0      52101.0      -6151381.9      1884449.3
-48753.5      -110673.9      -176833.1      -5079629.6      3471097.8
-51237.6      3486.5      47899.5      -6304766.3      1206063.9
-31778.4      -139896.2      -166270.5      -4931762.9      4114558.6
-70545.5      -8423.8      -44222.6      -6463752.1      801200.8
-6113.4      -105941.9      -42071.9      -4935129.3      4349100.0
-105315.5      -7783.2      -112204.5      -6340626.4      573106.2
-16955.5      -116780.9      -358.8      -5036478.7      4296641.4
-106266.1      -19798.7      -154392.0      -6206032.9      856397.5
-1982.1      -91072.2      26411.2      -5241495.2      3997109.9
-113266.9      -44432.1      -172039.9      -6006689.5      1191457.0
-371.6      -79182.8      68596.0      -5469774.6      3566158.7
-100782.3      -66989.4      -199745.2      -5636130.8      1690995.2
-15257.9      -29492.4      107912.7      -5845440.2      2911853.6
-79260.6      -77148.2      -220969.2      -5390838.2      2567156.9
-33327.0      -3808.0      92719.0      -6135394.0      2106607.5
-68287.3      -84628.1      -172575.5      -5200373.9      3240074.9
-45326.2      1178.6      20716.6      -6309447.9      1523042.3
-52966.1      -117423.0      -146710.7      -5033030.2      3671318.8
-66409.3      1241.6      25618.5      -6413335.0      1042987.4
-38433.0      -110314.5      -103246.1      -4975023.4      4049132.5
-80371.2      26629.2      -49531.7      -6458186.8      937701.8
-13054.5      -117428.5      -70021.1      -4991744.5      4249886.1
-105943.9      -6641.7      -103589.9      -6327843.2      641937.6
1377.2      -89799.8      40976.5      -5208028.6      4269593.6
-117515.2      -31430.6      -162512.9      -6111559.9      817281.5
11219.7      -80896.1      68320.5      -5381425.4      4093988.4
-107157.5      -41617.4      -193006.4      -5864796.0      1223948.7
-3007.5      -56711.2      70346.8      -5675392.1      3529766.8
-87756.5      -70925.6      -214891.6      -5594013.7      2231273.9
-21203.6      -26810.0      94455.9      -5989861.0      2489490.6
-77030.5      -98868.2      -214991.5      -5285740.6      2964585.5
-23237.9      14136.1      120002.0      -6281397.2      1799119.0
-51472.2      -112914.0      -175799.8      -5083872.9      3653282.5
-63768.5      -3028.7      51503.4      -6345575.6      1198589.2
-32828.4      -129833.0      -122018.8      -4969719.0      4101185.4
-75519.2      17427.7      -24031.2      -6452563.2      857755.0
-12401.9      -90717.1      -39483.0      -4950448.4      4318039.1
-94837.9      -1910.1      -95895.9      -6355301.3      708043.9
-15579.0      -125756.2      1527.2      -5006495.4      4367595.7
-102441.8      -28885.6      -141202.0      -6259821.8      877788.2
8289.8      -91177.2      43814.5      -5228306.7      4171386.1
-111192.2      -23037.6      -175914.4      -5965681.3      1163409.4
5736.6      -53710.4      75139.7      -5555535.7      3692974.1
-103160.3      -81260.8      -231283.5      -5592593.6      1842032.5
-6831.8      -31265.0      88827.6      -5918196.5      2954810.8
-85201.9      -75160.6      -214782.7      -5394204.9      2622224.3
-34643.8      -18537.5      83043.6      -6056208.8      2176907.6
-74914.7      -117435.2      -188327.9      -5187803.8      3314561.7
-52553.2      -15398.3      55948.4      -6256507.6      1596101.5
-38521.4      -108266.4      -134231.2      -5038758.7      3895581.6
-70953.7      14439.9      21830.1      -6460508.7      1066734.1
-25994.9      -126776.4      -93770.3      -4953289.1      4231483.8
-90002.6      2787.3      -45507.2      -6408564.1      870391.3
-14905.2      -103823.1      -33932.0      -5021636.9      4339607.2
-86422.6      651.9      -94054.5      -6324544.1      954012.4
-8245.5      -100506.1      13003.8      -5073311.2      4245466.3
-115425.9      -33029.9      -174626.7      -6095949.3      857475.1
16199.4      -88540.3      86522.8      -5397112.1      4144443.2
-104679.0      -59985.8      -229138.1      -5777678.6      1262323.4
12718.3      -37848.1      88706.6      -5726708.9      3579781.5
-83167.1      -60859.3      -225695.2      -5511540.3      2261126.8
-18239.4      -11984.9      78946.6      -5958469.5      2406667.3
-78019.9      -94505.8      -182480.9      -5311916.7      2963998.6
-34857.5      -9015.8      76354.3      -6136718.6      1833374.0
-54114.0      -113700.5      -186175.3      -5114426.9      3666349.4
-62098.2      4423.4      36105.9      -6388925.2      1217727.7
-26454.8      -115332.1      -114139.9      -4903335.3      4072619.6
-76579.6      1854.0      -31078.7      -6436134.4      781867.7
-11267.1      -118826.0      -75505.2      -4865391.8      4511642.0
-94924.6      -14377.7      -103384.5      -6373614.1      655991.0
2871.6      -107800.1      364.2      -5092369.3      4381893.6
-103260.9      -7166.3      -156123.5      -6211555.6      839646.3
-12153.8      -93451.5      59253.0      -5260031.5      4004519.4
-107435.0      -38392.7      -174622.7      -5968807.6      1305539.9
-8849.1      -64544.1      61014.6      -5597834.0      3436449.8
-101969.2      -63379.4      -179415.0      -5663386.4      1844219.1
-5934.6      -39028.6      93718.4      -5849737.3      2932749.3
-80495.0      -91819.3      -201332.7      -5411902.7      2507041.9
-18681.8      -16292.3      75502.3      -6104845.8      2174231.5
-72356.4      -102175.0      -194010.1      -5210062.2      3165918.2
-43753.6      10292.4      75528.8      -6326902.9      1462994.6
-41627.9      -111116.5      -147818.3      -4980799.2      3792258.1
-71497.9      9254.6      10285.3      -6370697.3      952118.3
-30688.3      -125559.3      -118828.3      -4967378.2      4162670.5
-82760.8      3536.2      -31780.8      -6418112.9      810865.8
3041.0      -105531.8      -61575.1      -4991770.2      4190474.4
-105183.1      -15140.8      -125580.0      -6339356.8      795060.3
1311.7      -101772.9      33925.1      -5134266.3      4190442.6
-105296.1      -26977.5      -179449.1      -6101239.5      823438.7
-15241.3      -78035.7      93241.0      -5424823.1      3910234.3
-116992.9      -65795.1      -224122.9      -5816411.1      1334913.5
1381.3      -57473.4      98231.2      -5689074.7      3353196.2
-95847.6      -61275.6      -212043.0      -5529706.1      1959889.7
-24372.0      -27006.5      71686.2      -5973292.5      2624969.0
-81679.6      -99064.5      -179209.4      -5280539.8      2991564.8
-33277.7      -7501.3      54529.6      -6176251.7      1721561.1
-48962.5      -107839.1      -166533.9      -5111678.8      3551391.7
-66652.2      9692.3      39653.2      -6378502.3      1187032.4
-33395.2      -123514.1      -138309.2      -4910015.4      4166113.5
-71930.9      23865.3      -9417.8      -6513431.0      828417.9
-17601.3      -113692.8      -86301.5      -4959624.8      4340547.9
-94927.7      894.7      -72824.1      -6385477.9      676672.9
-2943.7      -106303.9      -29018.6      -5081530.8      4447522.2
-93577.0      -22273.9      -145588.2      -6211337.1      804911.1
9281.7      -80340.7      54510.5      -5291508.5      4084240.6
-104459.8      -40040.3      -220370.4      -5950092.2      1219556.6
-1133.9      -61870.6      94088.2      -5559540.0      3550693.6
-107853.0      -74525.0      -216612.3      -5663264.8      1898345.1
-16384.9      -43501.2      98009.8      -5812900.9      3015544.1
-102381.6      -77771.3      -235582.1      -5409231.3      2601143.1
-29534.4      -8770.0      85774.8      -6124075.8      2261840.6
-71727.0      -107669.4      -184288.2      -5116446.7      3328532.4
-54384.3      6675.3      61408.3      -6289583.6      1501568.1
-42070.4      -121049.5      -158968.1      -4965784.0      3996851.1
-66192.0      5787.1      -14526.2      -6415342.3      934612.8
-11494.1      -112282.2      -84274.3      -4986685.2      4330321.0
-83213.0      -7805.9      -93227.2      -6369472.0      904906.5
-2531.3      -99879.6      -38611.3      -4996662.0      4307334.8
-82544.8      -1993.0      -119701.7      -6295141.9      929687.6
8914.0      -96606.9      5593.6      -5155773.4      4122093.9
-98659.8      -33344.0      -163213.8      -6102926.1      1230638.3
2776.2      -87652.1      61116.5      -5349850.2      4004509.5
-114839.8      -43771.2      -197573.4      -5807647.4      1290104.3
-8447.4      -60644.7      87067.2      -5701332.1      3582769.0
-100019.5      -84219.4      -217504.2      -5542008.4      1959338.1
-11720.5      -24227.4      96626.7      -5960849.7      2800541.3
-69856.8      -92716.2      -196667.2      -5238064.9      3099117.9
-45546.8      -3492.3      87574.6      -6178826.6      1668791.5
-57495.6      -109784.2      -183036.0      -5025350.2      3781072.3
-52810.7      18160.6      21646.4      -6356157.8      1172832.0
-34230.7      -118131.9      -109969.5      -4924852.7      4204650.1
-72854.5      3957.1      -35731.9      -6433730.3      838042.4
-19887.2      -118553.9      -76299.3      -4977361.7      4300860.3
-90195.1      3320.9      -54539.5      -6375265.1      770595.6
846.6      -110212.0      -8128.0      -5056062.1      4339189.9
-109782.7      -14825.4      -137982.7      -6233658.1      810903.7
19551.3      -73178.1      56536.8      -5307895.1      4114419.7
-104282.7      -43511.6      -211343.2      -6024369.9      1223553.3
6231.6      -62444.8      109880.9      -5571980.1      3571639.3
-107203.0      -76802.6      -211746.1      -5661773.0      1796311.0
-18224.2      -36545.7      99156.3      -5854447.1      2923423.2
-88113.7      -80615.8      -198572.6      -5360126.3      2598900.4
-41676.5      -25687.7      83080.8      -6130857.5      2133946.3
-62680.1      -108909.0      -175029.1      -5151653.4      3303768.7
-41416.2      -1344.2      50744.8      -6320108.9      1549209.4
-37170.4      -112536.2      -149136.5      -5055275.7      3839319.0
-64653.0      1492.4      -4107.3      -6423225.0      1094300.6
-18281.1      -114327.4      -92387.5      -4950622.8      4248133.3
-76858.4      5739.1      -84181.3      -6336389.2      736239.4
7747.7      -119373.7      -51482.9      -4929318.7      4486238.0
-90362.6      4565.1      -110320.5      -6330391.6      654872.7
3817.4      -85084.9      4448.7      -5114299.2      4182247.4
-95013.3      -26121.8      -141927.5      -6082158.1      1159808.8
-3280.2      -76866.1      69780.2      -5419340.1      3843771.1
-114235.8      -41124.5      -203141.4      -5761512.4      1380102.2
-2043.8      -46376.4      92266.2      -5731345.0      3381384.5
-89519.2      -72838.8      -208373.1      -5547676.7      2058165.3
-14462.3      -23595.8      95108.5      -5940265.9      2630408.6
-81793.9      -96394.9      -217873.0      -5273497.9      2807854.9
-30814.7      3173.4      78915.8      -6271491.3      1780088.7
-62115.8      -116886.0      -188933.3      -5083602.0      3844025.2
-62001.1      6221.1      44736.2      -6369741.5      1023497.3
-33573.7      -118435.8      -135980.0      -4977889.1      4138372.7
-108617.7      14805.7      -49517.5      -6453427.8      785165.9
-10472.2      -108049.3      -64159.0      -4951227.7      4355251.3
-73401.1      2987.5      -83334.6      -6398306.9      733271.5
2592.3      -103379.1      8127.7      -5105914.1      4262093.6
-102440.4      -33196.1      -163557.9      -6207914.8      842199.5
8278.2      -96995.4      57238.3      -5292458.8      4047160.3
-95967.6      -53131.5      -189457.5      -5969999.8      1208596.1
-5447.2      -77677.2      66358.7      -5563764.6      3496807.4
-109109.3      -68320.9      -194488.1      -5677402.6      1809072.5
-7625.8      -36701.3      96973.0      -5861837.4      2901106.1
-89040.0      -90272.1      -214092.9      -5383758.2      2593174.0
-34174.9      -17357.5      68885.5      -6097536.5      2122394.9
-63472.6      -101774.7      -175016.3      -5181405.5      3258056.7
-40411.9      1110.4      58424.1      -6299034.9      1578068.1
-28370.2      -109266.8      -153703.6      -4994942.1      3815059.2
-68499.8      6233.3      16607.7      -6406565.0      976994.8
-18190.1      -116962.6      -112315.5      -4886102.9      4252049.2
-80788.5      -2442.4      -43500.2      -6376124.0      668784.5
-25279.1      -127761.6      -58308.6      -5072982.2      4287509.9
-93752.0      6691.1      -101320.0      -6311267.9      721887.5
5145.9      -108511.8      25891.1      -5143156.3      4341020.9
-92456.6      -22103.4      -184847.3      -6204518.7      1133480.3
25062.8      -58575.9      80084.8      -5384950.3      3794356.5
-90261.9      -57826.8      -225258.6      -5819508.9      1631099.3
5668.5      -46884.5      110242.5      -5675975.8      3398483.3
-110521.3      -88989.9      -231349.0      -5526816.5      1988730.0
-17719.3      -20138.7      87013.1      -6031618.5      2614894.5
-82841.5      -91854.8      -219212.9      -5218868.0      2860747.1
-35349.2      1707.8      62870.1      -6283893.7      1886510.8
-47115.4      -105111.8      -165813.8      -5023129.9      3521112.0
-63713.8      -639.9      22700.1      -6374791.4      1162446.2
-37559.8      -115292.4      -111579.9      -4942863.2      4114995.7
-89697.5      4271.2      -42235.3      -6394200.0      684461.7
-19617.3      -125761.8      -57473.1      -4983865.8      4641836.7
-107942.9      -17824.1      -101754.6      -6373456.5      628279.4
4984.5      -107953.5      -8893.0      -5083406.3      4367069.4
-94278.2      -5172.2      -126293.0      -6193279.3      852882.9
2393.5      -91032.3      53177.5      -5250066.9      4026546.5
-108257.3      -50276.7      -171063.2      -5926168.6      1323583.6
2472.4      -68582.0      87771.0      -5588472.6      3517310.6
-89982.3      -56314.0      -198834.6      -5608932.9      1835630.7
-10212.7      -38674.2      91229.7      -5828626.5      2919481.6
-80111.2      -90874.2      -201462.7      -5420385.9      2488059.4
-26140.7      -13213.3      76478.8      -6057417.0      2164100.9
-63656.7      -105852.6      -180642.7      -5204037.4      3169561.5
-57749.0      -3765.8      79479.5      -6265453.4      1412351.8
-57068.9      -131109.6      -179115.6      -4977090.5      3963130.8
-54718.2      16267.4      54753.4      -6500710.8      828986.8
-25650.0      -133638.3      -80727.4      -4858334.4      4315729.9
-86884.5      8468.9      -43508.2      -6416928.9      638569.3
-10419.5      -105302.3      8130.9      -4971011.9      4357400.2
-127847.2      -13010.3      -103884.0      -6289891.0      677427.0
-70.0      -87071.4      68942.2      -5188219.1      4190605.0
-96819.3      -43696.1      -165209.4      -6064873.9      1132234.2
13949.9      -73783.4      87407.5      -5477677.6      3727808.6
-86211.6      -52017.2      -188418.5      -5815980.9      1737995.3
9313.6      -32368.3      113836.1      -5666773.3      3143436.7
-82255.7      -64514.3      -197021.1      -5501186.1      2336469.3
-4251.0      -29563.0      109333.8      -5970119.1      2838298.4
-78906.2      -93615.1      -205527.9      -5217215.5      2712920.9
-32832.1      -11917.2      82756.1      -6262737.1      2026808.6
-51945.7      -120369.5      -149273.9      -5006990.4      3505871.9
-68847.8      -1046.8      4750.2      -6328101.3      1303684.8
-37656.3      -111857.6      -90707.3      -4960178.5      4119869.8
-97379.1      1684.7      -38319.8      -6372462.9      544433.2
-7247.7      -125762.8      -64849.6      -4966600.6      4605559.4
-94150.8      -11886.9      -76425.9      -6335958.6      623067.9
-12795.8      -120776.8      -12650.2      -5014173.8      4410321.0
-107970.5      2684.2      -130185.5      -6254075.1      839714.3
-6165.6      -77470.7      30431.0      -5330791.4      4011480.2
-112037.9      -44276.7      -186419.5      -5899872.3      1286755.4
7026.9      -52790.6      81455.7      -5585124.1      3629808.4
-77391.9      -69915.2      -200039.1      -5598587.6      1907426.7
-4948.9      -47721.8      70228.9      -5774410.0      2951175.9
-81958.1      -85464.7      -230165.1      -5443427.5      2619735.2
-19256.4      -13018.9      111376.0      -6044992.3      2126557.5
-64593.6      -116678.5      -221055.1      -5130616.2      3436967.2
-52062.5      16314.3      80104.9      -6383228.8      1399846.6
-41783.1      -107468.3      -128569.7      -4970128.1      3989069.9
-74379.5      7290.0      6794.6      -6478413.4      964555.5
-30034.4      -121544.8      -62994.0      -4957449.7      4300884.9
-84853.0      -2531.8      -54821.0      -6384564.3      756523.4
-9808.8      -105531.3      10434.8      -5044506.2      4279725.2
-100081.3      -12450.2      -116510.8      -6281967.6      814912.0
-1661.6      -100753.6      24313.6      -5182879.4      4189525.7
-112540.3      -39530.1      -160598.2      -6082227.3      1026443.0
-4514.1      -83142.4      51810.1      -5450239.2      3691760.6
-108228.4      -54562.6      -205447.8      -5839393.4      1616396.8
-8451.4      -46188.6      84039.4      -5669981.5      3103039.8
-102961.8      -77087.9      -213447.7      -5546004.6      2298363.2
-11714.2      -21803.8      102555.3      -5973511.6      2828176.6
-75217.1      -98359.3      -209075.4      -5246878.8      2702121.6
-39492.7      -24039.3      58338.2      -6237238.9      1965192.5
-47722.2      -112298.5      -170400.3      -5037569.2      3533139.0
-49695.1      20098.4      17940.8      -6421052.7      1220390.9
-22110.1      -115618.5      -133182.2      -4917728.4      4227810.3
-86908.5      12025.3      -70823.2      -6452736.9      498270.3
-16196.8      -101675.6      -58197.9      -4953901.9      4466846.4
-103376.4      -2896.0      -88757.6      -6316239.7      764100.6
-4048.6      -102236.9      -12048.0      -5146702.3      4308742.5
-88613.8      -16722.7      -113922.9      -6164192.3      1057893.0
4148.4      -90409.5      16780.2      -5323044.6      4001937.3
-102107.9      -39820.1      -161033.5      -5947353.0      1206465.8
-6563.2      -72031.0      57967.6      -5477321.4      3690779.2
-107383.2      -58963.1      -252145.9      -5751451.6      1737718.3
-5399.6      -33595.9      121275.5      -5840646.4      3002925.9
-94189.4      -85919.6      -251163.5      -5351525.7      2630123.1
-32887.6      -8742.7      66956.3      -6149374.7      2116914.6
-76541.8      -109650.3      -203981.1      -5112355.1      3362690.6
-50705.9      -510.0      34794.9      -6324866.3      1425909.1
-33408.0      -124824.4      -158314.8      -4950953.0      3954053.3
-67769.3      7038.0      -12558.4      -6420061.2      967947.8
-10823.7      -116785.4      -100330.7      -4960336.6      4308258.9
-86121.3      7824.8      -60286.2      -6438168.8      777058.6
-4895.2      -110865.0      -35313.7      -5037072.7      4384357.2
-110684.3      -8297.1      -128951.4      -6245617.5      624654.2
-4345.1      -98223.0      32472.9      -5167345.1      4254362.7
-102615.1      -23462.2      -167364.4      -6105847.3      1033608.3
-5300.6      -71196.8      80368.4      -5436791.7      3745775.0
-102118.7      -62356.7      -199433.4      -5769716.5      1660055.8
-10112.3      -47919.2      83907.3      -5709853.0      3021832.1
-95342.6      -91305.6      -206739.6      -5545721.9      2300621.3
-19765.7      -31029.7      89646.4      -5959172.1      2648079.5
-82861.2      -93656.5      -213374.6      -5256364.3      2705822.2
-34747.4      -6306.7      78788.2      -6217661.1      1913569.3
-60036.8      -118187.9      -170813.9      -5033375.4      3454838.6
-56352.5      4687.3      26881.3      -6450914.2      1266792.6
-22437.7      -118042.2      -122929.1      -4963446.9      4035178.9
-86242.0      -1033.4      -19934.5      -6459178.3      671459.4
-5870.4      -104378.4      -34819.5      -5013647.0      4473785.9
-96218.3      10251.0      -86682.0      -6384393.9      289703.7
-4242.3      -103320.9      24525.6      -5091663.6      4391614.2
-103656.4      -12911.9      -145077.1      -6160517.3      786415.6
2375.7      -79698.2      53011.6      -5298463.8      4008054.2
-101898.1      -34596.5      -167112.3      -6005443.5      1282914.9
-12314.7      -54935.1      57366.8      -5571064.0      3424540.4
-103621.5      -66909.0      -204220.4      -5614609.2      1876214.0
-19288.6      -39408.5      113867.0      -5880519.9      2678731.6
-91379.4      -82106.5      -223545.1      -5348901.6      2593975.6
-30339.4      -22493.3      94968.1      -6117518.1      2080657.0
-69763.8      -111188.0      -176842.5      -5182160.1      3244418.3
-44415.0      10289.8      43910.4      -6294881.2      1496590.2
-50700.3      -109882.2      -109890.5      -5016216.1      3758987.2
-75217.9      7998.0      24982.7      -6389411.4      1038314.7
-16794.3      -122613.3      -70628.2      -4958492.2      4202838.6
-87184.0      7359.9      -22630.7      -6417371.0      623218.9
-6677.6      -106912.6      -6787.2      -4969352.0      4448852.1
-98357.5      96.3      -72848.1      -6377001.2      649830.4
-1346.1      -109131.6      51340.6      -5143010.9      4320461.0
-104156.1      -30346.5      -126616.9      -6172940.2      956222.8
15913.7      -65879.5      103606.0      -5458635.6      3967656.1
-104580.9      -53721.1      -191426.6      -5788454.6      1651113.3
4441.3      -35983.4      145835.5      -5820220.4      3057279.5
-91085.9      -78683.9      -202489.9      -5443619.7      2313596.0
-37441.6      -20078.2      100618.1      -6010229.8      2333566.3
-77664.4      -113433.3      -174205.5      -5208798.9      3027676.0
-41804.4      -18224.1      85436.0      -6235743.8      1971161.7
-52882.1      -112882.7      -154831.4      -5066925.1      3508191.5
-52545.7      -5792.9      29779.3      -6417494.7      1294683.3
-35098.0      -114230.6      -96051.0      -4999646.8      4115209.5
-79781.1      18512.4      -49561.3      -6386406.3      822002.7
-15476.1      -113443.0      -67854.2      -4959194.7      4472296.9
-98926.1      -5558.5      -111998.5      -6322053.5      492116.6
10070.4      -104327.0      -12235.1      -5047157.7      4421969.4
-106835.3      -28166.4      -146176.3      -6169734.0      962833.3
12176.4      -93865.7      14215.8      -5309656.1      4069092.9
-95823.6      -40496.4      -143173.9      -5913616.9      1437003.2
3802.6      -62063.3      36231.0      -5524999.9      3538903.3
-105866.5      -59739.6      -189887.6      -5568384.2      1908690.8
-25060.3      -36417.4      136068.0      -5806678.3      3007809.6
-78919.8      -83892.7      -240562.2      -5398108.0      2627010.2
-34554.4      -12691.5      109780.3      -6078405.2      2276253.5
-59487.9      -115611.5      -218308.4      -5071675.6      3410740.1
-48270.5      -176.0      69593.5      -6312502.2      1604342.8
-38123.5      -123536.5      -159241.4      -4925681.6      4087493.5
-71846.8      10459.7      13192.9      -6401009.6      951265.7
-27964.0      -126803.5      -65192.0      -4930996.5      4485613.4
-97319.5      -12574.5      -70312.0      -6318945.4      774642.8
-16488.1      -109612.9      -13482.4      -5016585.1      4528340.0
-93464.7      2889.7      -124637.0      -6283625.5      816833.3
9358.8      -86228.2      49290.1      -5161422.3      4233037.8
-101287.5      -29394.6      -168193.4      -6059696.6      1213928.1
9796.3      -67480.0      68786.8      -5417895.4      3814726.8
-84614.2      -46978.9      -177450.0      -5758544.3      1708630.0
-230.8      -45358.0      87175.0      -5686382.0      3230348.1
-83826.6      -77879.7      -218867.3      -5522747.8      2345861.2
-20889.8      -18940.2      116059.9      -6020142.0      2434522.9
-81728.5      -98831.2      -210533.6      -5283080.6      2973818.3
-37999.9      -9046.9      75735.0      -6247724.5      2086263.1
-58635.7      -110677.0      -175683.6      -5065079.3      3435130.7
-62263.1      -1258.8      15970.3      -6348134.4      1365835.0
-38355.1      -115288.3      -128867.5      -4939168.2      4036848.0
-91211.0      12432.9      -37366.5      -6418727.3      826276.6
-11133.8      -119877.3      -50846.0      -4901215.3      4557711.9
-86944.4      -4974.7      -105139.2      -6433935.4      534436.3
115.5      -120066.7      -11006.7      -5052957.9      4623138.3
-92598.1      -15934.4      -171529.1      -6169683.4      489019.1
9520.0      -79945.5      63500.6      -5331660.3      3979264.9
-97934.8      -47961.1      -204479.5      -5917192.9      1397130.2
16513.7      -50387.5      58437.2      -5691129.8      3366046.1
-104282.3      -65253.6      -221464.0      -5656094.0      1899691.1
-15164.0      -38575.9      78863.0      -5863775.5      2783791.1
-77535.9      -89913.8      -224162.1      -5392731.7      2655934.8
-27104.9      -16494.8      46012.3      -6060345.2      2106081.1
-63524.9      -101696.9      -208680.6      -5142661.4      3276190.1
-51950.2      5666.8      20601.8      -6360514.1      1388067.7
-36003.9      -115322.3      -166082.4      -4964704.2      3845036.7
-67604.8      14324.9      -14939.4      -6498263.7      839056.6
-15863.9      -117475.7      -117758.4      -4952151.6      4275488.0
-98157.7      -3778.1      -87657.1      -6383912.3      630316.6
-19702.9      -112553.6      -37369.9      -5087959.4      4295287.0
-100021.1      -6603.4      -129981.8      -6281222.2      712862.2
-2050.4      -91592.0      -324.8      -5234863.8      4129536.4
-101840.2      -31998.8      -192256.0      -6086799.8      1026676.6
14273.7      -84043.1      37913.4      -5443743.8      3711830.9
-106800.0      -58499.3      -237003.9      -5821832.0      1450530.3
-8218.3      -47490.1      59704.2      -5717250.4      3118810.5
-74469.2      -76418.6      -233212.0      -5565202.3      2240835.1
-4937.4      -22597.8      63086.8      -6026350.8      2409964.7
-58233.9      -98709.7      -241952.5      -5213539.8      2880521.7
-39491.6      4838.0      53307.4      -6223582.3      1707993.8
-47495.7      -110196.6      -187653.2      -5072372.2      3514237.7
-41814.9      3200.6      17319.7      -6436739.6      1296012.2
-28716.1      -114746.4      -118783.5      -4954624.1      3899495.3
-90399.6      1126.2      -35642.7      -6442946.8      683658.3
-29192.9      -119714.4      -82519.3      -4949110.3      4354598.0
-99141.4      1126.6      -109903.8      -6388195.5      640585.7
1215.1      -107564.5      -12732.5      -5131248.9      4512792.9
-114683.2      -20367.6      -162261.1      -6140868.0      503588.3
7382.4      -79731.4      69274.6      -5337263.7      3987737.1
-101605.3      -53388.2      -184839.0      -5955153.5      1264568.8
-7327.8      -90549.4      62281.8      -5568736.3      3564250.9
-86166.3      -58894.1      -208676.2      -5696631.9      1883426.9
-5289.5      -24206.8      95922.9      -5855036.9      2743498.3
-73876.3      -93713.1      -212157.4      -5399201.1      2745955.9
-12416.4      -6766.2      90935.8      -6192282.2      2097427.9
-51501.3      -109324.1      -197058.6      -5091796.9      3414445.8
-41634.0      16379.6      63215.8      -6382618.2      1409529.2
-45186.5      -124071.3      -171515.8      -4932957.2      3945445.4
-83730.2      -3346.3      -12918.8      -6414688.4      936157.9
-13259.7      -120996.4      -93150.6      -4952785.6      4360328.7
-79762.1      -5036.4      -83242.3      -6334486.5      818582.8
-8225.4      -97057.6      -25558.1      -5032463.0      4405744.6
-106661.5      -15067.0      -152956.4      -6262555.1      789883.4
-2817.7      -98512.0      39760.1      -5194402.2      4328181.0
-111871.4      -34685.7      -189150.3      -6042758.5      1113822.7
-2402.2      -73392.1      78269.6      -5479494.6      3887111.0
-98487.6      -51715.1      -212876.9      -5766716.7      1791861.8
-9209.8      -52129.9      52419.8      -5792691.4      3130932.9
-77447.8      -78863.2      -175197.4      -5520857.5      2445075.7
-18990.4      -29418.6      54287.7      -5955103.3      2530454.5
-61952.6      -88537.4      -186245.6      -5335029.4      3068324.3
-19406.4      -20023.2      65856.2      -6153058.5      1917520.8
-33784.3      -117658.8      -191343.2      -5048715.2      3519955.1
-46655.5      12757.1      50992.6      -6416208.9      1489184.6
-46150.5      -135147.0      -145713.4      -4878106.4      4066692.5
-81067.5      2031.4      -21801.2      -6504581.4      815937.4
-30404.1      -112244.0      -63731.5      -4968928.1      4442534.7
-117411.3      2780.8      -72980.0      -6332922.3      634634.7
6127.7      -114820.0      14924.1      -5143363.0      4518405.6
-88695.0      -11482.0      -152981.5      -6105376.7      967733.1
-1235.1      -72533.8      74350.7      -5388430.6      4057209.0
-115498.5      -52008.4      -200771.4      -5944945.4      1274160.3
7249.3      -40850.7      102714.6      -5560782.4      3714205.7
-96459.8      -56307.2      -215894.6      -5663440.5      1742461.7
-5805.4      -55174.4      49233.1      -5732860.4      2910090.6
-67903.0      -92309.7      -197668.7      -5388852.8      2731069.7
-16248.7      -25191.9      54915.7      -6069801.1      2208139.6
-49707.7      -107791.0      -191932.2      -5116573.1      3438283.9
-46874.9      9622.0      77460.2      -6320906.1      1478453.2
-39666.5      -123584.5      -152395.4      -4927699.2      4122972.1
-79519.8      -3753.2      3677.8      -6439081.8      1012684.8
-28473.0      -110908.0      -101768.1      -4927091.5      4406442.6
-91767.5      12444.3      -55724.4      -6367786.9      759805.2
-15056.3      -123487.4      -50417.3      -4954687.9      4489211.9
-102564.4      -2586.1      -133041.9      -6281806.2      795829.5
3230.4      -101554.9      30842.6      -5160049.1      4287696.6
-100552.1      -24856.6      -179003.8      -6027981.6      1091393.9
9032.8      -77868.3      41568.9      -5391960.5      3923719.3
-98683.8      -63595.7      -236805.7      -5773444.6      1679953.8
-3879.6      -26769.0      85286.5      -5727610.5      3171566.6
-82345.0      -78013.1      -228127.6      -5479649.7      2342966.8
-7430.1      -21047.0      81655.5      -5987826.8      2453727.7
-60586.6      -104388.3      -231590.1      -5256389.4      2988288.1
-33957.9      2450.6      48431.1      -6243791.5      1711644.7
-41858.9      -90448.5      -166349.8      -5027927.8      3645981.1
-52441.7      1992.6      23.3      -6381589.7      1313121.4
-19468.3      -105204.4      -115712.8      -4927424.3      3879727.5
-67594.3      9677.9      -28648.9      -6477519.4      905571.3
-27160.9      -127261.4      -134488.4      -4961999.4      4243543.3
-103613.7      -7109.4      -97665.0      -6345829.7      584375.6
-2992.7      -108056.3      -18525.6      -5141679.7      4350844.3
-112291.6      -2467.3      -184697.5      -6200273.6      561926.9
6675.1      -94413.6      54736.9      -5339765.5      4295015.5
-103712.3      -38983.3      -194184.1      -5968758.8      813535.0
-1441.1      -77449.6      80887.3      -5596556.6      3489427.9
-99797.5      -95460.0      -218163.9      -5700131.1      1891146.7
-12495.6      -30586.7      127085.2      -5875170.0      2626955.5
-70748.8      -94475.5      -208075.9      -5390613.4      2664524.8
-22091.0      -8335.7      94540.4      -6134734.7      1868490.8
-53971.6      -104902.6      -184064.3      -5137028.7      3380605.0
-38619.5      5523.0      57673.0      -6364750.1      1282893.4
-34375.9      -114646.6      -123071.0      -4964656.3      3880034.2
-76940.0      3747.0      766.1      -6480767.3      875033.5
-24182.0      -119883.3      -77335.4      -4906869.4      4274109.8
-99178.5      9222.7      -76008.2      -6421005.8      686379.9
-13001.5      -113776.0      -45079.2      -5061075.0      4311716.8
-107196.9      -18750.0      -109672.9      -6311332.8      648060.4
-13995.2      -100918.5      16151.8      -5215984.5      4226219.9
-90424.6      -23142.1      -170236.7      -6073209.7      962114.4
14920.7      -73940.4      92812.3      -5490322.2      3816876.9
-83923.0      -61025.6      -232729.8      -5784978.8      1664406.5
8505.8      -33173.7      101862.1      -5733980.2      3109899.3
-92511.5      -80948.8      -223288.9      -5548743.0      2265061.8
-10557.6      -25367.6      66417.7      -6068808.2      2235556.3
-80361.0      -88509.3      -189835.5      -5256525.7      3053594.3
-56357.6      -2508.1      48579.1      -6269650.7      1640764.4
-52794.9      -122262.2      -174184.3      -5038312.4      3597463.9
-54965.9      2176.2      13740.9      -6422606.6      1207850.2
-28732.1      -124971.7      -149646.5      -4958515.2      3834374.5
-77663.8      7253.9      -33543.3      -6498374.1      955962.6
-10203.3      -109817.8      -55020.4      -4973974.8      4256400.3
-106661.1      -12722.1      -98134.4      -6295495.1      717230.4
-2929.8      -103583.5      -3873.8      -5110524.5      4431864.3
-91480.1      -15556.5      -140938.4      -6147037.0      736417.2
8680.3      -79495.6      56162.4      -5353805.8      4200795.3
-103161.9      -34848.4      -174751.7      -5961055.7      1107371.4
6615.6      -66019.3      103568.2      -5572443.7      3771368.1
-89090.7      -68222.6      -225464.9      -5610666.8      1826589.3
-3535.2      -34923.3      92825.3      -5920144.3      2703272.2
-59633.2      -84376.8      -210448.9      -5373453.2      2866061.4
-29194.5      -11543.1      85824.2      -6100590.3      1927243.4
-79701.1      -120119.6      -201701.9      -5144507.5      3435145.8
-50882.4      3380.2      44397.7      -6314064.1      1395533.8
-43654.2      -116898.8      -135738.9      -5006502.4      3942312.3
-71693.5      5917.8      -12718.0      -6461378.2      1021524.5
-18521.9      -122250.6      -85866.2      -4906878.6      4265483.0
-84244.9      -4967.6      -75398.6      -6386950.4      795350.7
5576.2      -103712.9      -22491.7      -5063352.1      4355806.6
-92598.2      -13920.0      -121978.8      -6244216.7      852511.4
17630.4      -90244.4      6284.3      -5273264.3      4305332.6
-107624.0      -29700.6      -179585.0      -6037358.3      1013130.2
22112.4      -72217.8      39197.0      -5415057.0      3994877.9
-65410.0      -31827.0      -224437.3      -5859350.8      1537381.2
-24288.4      -59260.7      78688.7      -5626409.7      3151977.5
-110118.1      -92419.6      -233631.8      -5564752.2      2347120.8
-24959.0      -30771.6      84607.0      -5989943.7      2549786.5
-69096.4      -101097.4      -192131.2      -5203107.4      3151876.1
-37766.9      -6367.2      67938.9      -6275821.7      1725020.3
-45183.3      -118120.9      -165787.9      -4991447.1      3787917.7
-57802.1      10909.0      25135.7      -6452305.2      1143612.5
-43573.7      -130891.1      -158202.4      -4936813.8      4195056.4
-79117.9      8327.2      -16293.2      -6452692.8      984559.1
-16828.6      -114374.4      -80560.2      -5016736.7      4195611.5
-102626.9      -3924.5      -99947.4      -6351465.8      807836.7
-1371.8      -96065.3      7293.1      -5083263.8      4425503.6
-90349.8      -8379.3      -196611.6      -6178513.3      941092.0
28385.7      -73083.0      53152.0      -5335060.2      4157107.9
-99864.2      -42913.4      -220159.3      -5977349.9      1132445.2
4101.9      -63406.2      65258.2      -5615466.9      3631059.2
-94140.2      -66390.0      -221040.3      -5620719.5      1740435.8
-5288.4      -37078.7      113265.3      -5899570.8      2980585.1
-71280.1      -97119.7      -209605.9      -5372049.8      2657362.6
-32028.1      -19594.8      72926.8      -6098685.1      1922840.8
-52529.2      -111447.3      -177042.2      -5142613.8      3554650.8
-40159.0      6859.7      40885.1      -6352964.5      1365492.7
-30619.1      -122962.5      -161760.4      -4908052.3      4057199.5
-76796.9      2242.9      -26291.5      -6428056.1      815719.4
-18463.1      -120265.8      -71989.6      -4911709.8      4324896.8
-84240.7      -2757.1      -83920.6      -6391705.6      814945.9
-10398.3      -109258.1      -31486.8      -5016605.9      4351100.3
-87865.4      -17773.1      -159708.7      -6208877.4      972708.2
6581.5      -93769.8      -16028.7      -5233035.8      4217753.6
-94949.8      -39935.2      -169609.8      -6015302.3      1099525.6
16722.2      -72344.9      67172.1      -5447553.5      3877971.1
-90849.8      -42338.1      -184106.3      -5776380.5      1571377.4
3670.6      -50296.3      85274.4      -5686833.0      3168261.1
-86384.3      -68379.9      -187406.9      -5533063.7      2255479.3
-18133.2      -27845.9      97894.5      -5999565.7      2491856.2
-66061.5      -97193.9      -196825.0      -5223923.6      3040532.8
-42074.8      -6995.9      76680.6      -6208478.2      1816641.6
-49306.3      -119483.4      -192141.3      -5008763.9      3744175.7
-55687.8      12870.6      30158.8      -6344253.7      1185375.7
-26449.3      -130253.4      -117053.5      -4926386.8      4128958.5
-73382.1      -1375.3      -54763.5      -6383119.0      870011.7
-8925.7      -102072.8      -65951.8      -4977008.2      4309679.3
-82811.4      14472.1      -79005.4      -6401487.3      774386.5
-11654.4      -100663.0      -17327.7      -5061493.5      4054137.0
-100562.7      -13503.6      -119291.5      -6197438.7      854178.5
2638.2      -90299.7      59707.8      -5256346.5      4179276.5
-128145.3      -48665.9      -178177.1      -5938141.2      1084390.6
20966.5      -56983.4      113292.5      -5612523.9      3849298.5
-87742.9      -64331.1      -246265.5      -5595892.1      1643418.3
-7151.0      -33332.2      100818.6      -5894727.4      3030160.4
-82513.7      -93826.1      -252992.3      -5380753.2      2425937.8
-42625.4      -11866.5      70569.6      -6115104.0      1737308.4
-53055.4      -108195.7      -175292.5      -5077613.7      3654141.3
-52898.6      -1464.7      14412.6      -6309866.6      1257212.1
-32245.2      -111283.4      -123044.6      -4997222.8      4116629.1
-65368.7      6446.0      -1484.6      -6445802.4      954514.6
-10543.7      -115713.7      -84158.6      -4952507.1      4284467.3
-87930.4      6533.4      -56752.4      -6462125.7      647517.5
2098.8      -113715.0      -44167.6      -5017131.2      4447593.4
-72533.5      5916.8      -113753.5      -6384488.2      669404.1
2187.0      -103062.8      220.2      -5133702.1      4239661.5
-112198.8      -34597.9      -182215.3      -6029708.1      949108.7
-1891.1      -82959.2      60801.0      -5516575.7      3811848.1
-94136.4      -73129.5      -232726.9      -5689074.4      1752362.7
9965.8      -46130.4      88921.5      -5794391.1      3053201.9
